=== АНАЛИЗ ВЫБОРКИ ===
Дата создания: 29.05.2025 12:43:48

Размер выборки: 100 элементов
Среднее значение: 5,0055
Исправленная дисперсия: 1,0053
Стандартное отклонение: 1,0026
Минимум: 2,9200
Максимум: 7,2058

Элементы выборки:
2,9200  2,9541  3,1782  3,1854  3,3798  3,4017  3,4300  3,5459  3,5464  3,5658
3,5687  3,6227  3,6372  3,7167  3,7726  3,8407  3,8444  3,8759  3,9027  4,0618
4,0801  4,0857  4,1054  4,1542  4,2138  4,2546  4,2791  4,3313  4,3419  4,3637
4,5182  4,5425  4,5689  4,5793  4,5823  4,6117  4,6247  4,6295  4,6967  4,7064
4,7117  4,7237  4,7560  4,7689  4,8182  4,9308  4,9591  5,0508  5,1529  5,1553
5,1645  5,1966  5,2262  5,2475  5,2588  5,2983  5,3495  5,3519  5,3537  5,3868
5,4089  5,4152  5,4165  5,4595  5,5238  5,5580  5,5582  5,5598  5,5599  5,5663
5,6581  5,6722  5,6758  5,7114  5,7331  5,7455  5,8624  5,9155  5,9551  5,9568
5,9631  5,9863  5,9984  6,0038  6,0393  6,0545  6,0712  6,1581  6,1942  6,2148
6,2356  6,2688  6,3284  6,3917  6,5192  6,5404  6,6227  6,7532  7,0027  7,2058

=== КОНЕЦ ОТЧЁТА ===
